X = [1 2 3 4 5 6];
Y = [1.5 2.0 2.5 2.2 2.8 2.0;
2.5 3.0 3.5 3.2 3.8 3.0;
1.8 2.5 3.0 2.8 3.5 2.5];
y1 = [1.5,2.5,1.8;2.0,3.0,2.5;2.5,3.5,3.0;2.2,3.2,2.8;2.8,3.8,3.5;2.0,3.0,2.5];
bar(X,y1,0.8);
title("H1 Sales Comparison of Three Coffee Types");
xlabel("Month");
ylabel("Sales Revenue");











